# id	left	top	right	bottom	texture_id
[SPRITES]
#WALK
31001	4	13	22	30	10
31002	24	13	42	30	10
#DIE
32001	44	19	62	30	10


#PAGAGOOMBA
#WALK
190001	180	5	199	24	80
190002	220	5	239	24	80
#READY JUMP
190003	160	1	179	24	80
190004	200	1	219	24	80
#WINGLESS
190006	88	0	103	15	80
190007	104	0	119	15	80
#DIE
190008	120	7	135	15	80
# ani_id	sprite1_id	time1	sprite2_id	time2	...
[ANIMATIONS]
5000	31001	100	31002	100
5001	32001	100
195000	190001	100	190002	100
195001	190006	100	190007	100
195002	190008	100