# list of object assets to load in this scene
[ASSETS]
mario.txt
coin.txt
cloud.txt
brick.txt
grass.txt
floor.txt
minigrass.txt
gift.txt
organeblock.txt
blueblock.txt
pipe.txt
#
[OBJECTS]
# type	x	y	extra_settings per object type
# type: 0 = Mario , 1 = Brick, 2 = Goomba, 3 = Koopas
# See OBJECT_TYPE constants in AssetIDs.h



#BackgroundObject
6	80	140	128	64	60000
6	168	164	16	16	80000
6	184	164	16	16	80000
6	200	164	16	16	80000

#Cloud
6	144	40	48	24	130500

#Gift
7	184	116	1
7	200	116	1
7	232	68	1
7	248	68	1
#Platform
5	8	180	16	16	39	71000	72000	73000

#Platform
5	264	148	48	48	1	101000	101000	101000
#Platform
5	296	132	48	80	1	111000	111000	111000

#BackgroundObject
6	324	137	8	72	115000

#Single Cloud
6	344	24	32	24	130000
#Pipe
8	368	148

#Gift
7	424	84	0
#Platform
5	544	116	64	112	1	104000	104000	104000

5	496	132	64	80	1	103000	103000	103000

5	440	148	80	48	1	102000	102000	102000

5	560	156	96	32	1	105000	105000	105000
# shadow white block
6	580	104	8	72	104001
#Brick
1	632	164
#Platform high
5	632	164	16	16	29	71000	72000	73000
5	632	180	16	16	29	74000	75000	76000


#Gift
7	664	149	0
7	712	116	0
#mini grass
6	680	148	16	16	80000
6	696	148	16	16	80000
6	712	148	16	16	80000
6	728	148	16	16	80000
6	744	148	16	16	80000
6	760	148	16	16	80000


#grass
6	880	124	128	64	61000
6	976	132	64	48	62000

#mini grass
6	1048	148	16	16	80000
6	1064	148	16	16	80000

# MARIO
0	40	120