# list of object assets to load in this scene
[ASSETS]
mario.txt
coin.txt
cloud.txt
brick.txt
grass.txt
floor.txt
minigrass.txt
gift.txt
organeblock.txt
blueblock.txt
pipe.txt
mushroom.txt
score.txt
turtle.txt
goomba.txt
flower.txt
fireball.txt
leaf.txt
#
[OBJECTS]
# type	x	y	extra_settings per object type
# type: 0 = Mario , 1 = Brick, 2 = Goomba, 3 = Koopas
# See OBJECT_TYPE constants in AssetIDs.h





#Platform
5 	8	180	16	16	32	20010	20010	20010
5 	8	196	16	16	32	20010	20010	20010

12	8	20	16	16	8	10	20010	20010	20010	20010	20010	20010	20010	20010	20010	2

12	168	20	16	16	12	1	20010	20010	20010	20010	20010	20010	20010	20010	20010	2

12	136	20	16	16	2	2	121007	121008	121008	121005	121006	121006	121005	121006	121006	2


12	360	20	16	16	2	2	121007	121008	121008	121005	121006	121006	121005	121006	121006	2


12	392	20	16	16	8	10	20010	20010	20010	20010	20010	20010	20010	20010	20010	2


12	344	84	16	16	3	6	20010	20010	20010	20010	20010	20010	20010	20010	20010	2

12	328	100	16	16	1	5	20010	20010	20010	20010	20010	20010	20010	20010	20010	2

12	312	116	16	16	1	4	20010	20010	20010	20010	20010	20010	20010	20010	20010	2
12	296	132	16	16	1	3	20010	20010	20010	20010	20010	20010	20010	20010	20010	2
12	280	148	16	16	1	2	20010	20010	20010	20010	20010	20010	20010	20010	20010	2
12	264	164	16	16	1	1	20010	20010	20010	20010	20010	20010	20010	20010	20010	2

#Coin
4	218	68	0

4	234	52	0
4	250	52	0

4	266	68	0
4	266	84	0

4	234	100	0
4	250	100	0

4	266	116	0
4	266	132	0

4	234	148	0
4	250	148	0

4	218	132	0




#Portal 
50	370	40	400	50	6

# MARIO
0	140	30