# id	left	top	right	bottom	texture_id
[SPRITES]


#Red koopa
#IDLE
151005	128	64	143	79	60

#WALK
151001	96	51	111	76	60
151002	112	51	127	77	60
#WALK RIGHT
151003	1249	51	1264	77	60
151004	1265	51	1280	76	60

#DIE
152001	128	64	143	79	60
152002	128	48	143	63	60

152003	128	48	143	63	60
152004	144	48	160	63	60
152005	161	48	175	63	60
152006	176	48	191	63	60

#Green koopa
#IDLE
151006	32	64	47	79	60
#Walk Left
151007	0	51	15	76	60
151008	16	51	31	77	60
#Walk Right
151009	1345	51	1360	77	60
151010	1361	51	1376	76	60

#Die
152007	32	64	47	79	60
152008	32	48	47	63	60

152009	32	48	47	63	60
152010	48	48	64	63	60
152011	65	48	79	63	60
152012	80	48	95	63	60

#PAGAKOOPA
#WALK
#READY JUMP RIGHT
151011	213	64	228	90	80
151012	229	63	244	89	80
#READY JUMP LEFT
151013	261	64	276	90	80
151014	245	63	260	89	80

#DIE
190008	120	7	135	16	80

# ani_id	sprite1_id	time1	sprite2_id	time2	...
[ANIMATIONS]
155000	151001	100	151002	100
155001	151003	100	151004	100
155002	152002	100
155003	151005	100
155004	152003	100	152004	100	152005	100	152006	100
155005	152001	100	152002	100

155006	151007	100	151008	100
155007	151009	100	151010	100

155008	152008	100
155009	151006	100
155010	152009	100	152010	100	152011	100	152012	100
155011	151007	100	151008	100

155012	151011	100	151012	100
155013	151013	100	151014	100